0
11
184
203
632
640
651
952
971
1052
1067
1656
1660
1675
2166
2187
2336
2347
2678
2688
2699
3348
3371
3700
3723
4031
4043
4355
4363
4437
4459
4725
4735
4739
4747
5024
5035
5091
5099
5244
5259
5277
5291
5430
5438
5451
5750
5756
5757
5758
5760
5763
5771
6229
6251
6773
6795
7221
7243
7360
7371
7382
7403
7518
7531
7797
7798
7806
7808
7819
8189
8203
8252
8267
8450
8459
8481
8491
8828
8829
8833
8834
8843
9236
9259
9844
9867
10560
10571
10880
10891
12185
12203
12410
12427
12477
12491
12580
12587
12631
12651
12697
12715
12919
12921
12922
12925
12932
12939
13502
13515
13630
13643
13950
13963
14243
14251
14303
14315
14340
14347
14975
14979
14980
14987
15266
15275
15733
15755
15989
16002
16011
16353
16363
16729
16747
16759
16779
16803
16811
17015
17017
17025
17027
17035
23449
23456
23458
23459
23467
23480
23487
23499
23519
23521
23523
23531
23549
23552
23556
23563
23572
23580
23595
23605
23612
23627
23637
23659
23670
23674
23676
23691
23709
23723
23736
23741
23742
23744
23755
23766
23787
23810
23811
23819
23828
23840
23841
23844
23851
23862
23870
23872
23883
23893
23895
23897
23902
23915
23925
23927
23947
23961
23971
23979
24180
24181
24182
24183
24184
24185
24186
24188
24189
24190
24191
24192
24193
24194
24195
24196
32802
32811
32858
32875
32889
32907
33155
33163
33401
33402
33410
33411
33419
33787
33803
33812
33835
33982
33984
33995
34200
34219
34420
34424
34427
34430
34432
34443
34813
34827
34873
34891
35101
35115
35449
35453
35467
35957
35979
36469
36491
36757
36779
36993
37003
37012
37035
37118
37131
37492
37493
37502
37505
37515
37975
37995
38519
38539
39158
39179
39318
39339
39542
39563
39998
40011
40260
40267
40574
40580
40587
40898
40907
40932
40939
41379
41387
41602
41603
41604
41611
42049
42059
42197
42219
42261
42283
42367
42379
42613
42623
42625
42635
42943
42955
43168
43179
43647
43648
43659
43928
43947
43966
43979
43996
44011
44664
44668
44670
44683
45047
45067
45216
45227
45472
45483
45687
45696
45707
46264
46283
46712
46731
47036
47051
47354
47371
47418
47422
47435
47738
47740
47742
47755
48225
48235
48246
48267
48758
48769
48779
49173
49181
49195
49279
49291
49539
49540
49547
49781
49789
49791
49795
49796
49803
56213
56216
56235
56252
56254
56255
56258
56267
56284
56292
56299
56311
56315
56317
56331
56340
56341
56349
56354
56363
56377
56382
56385
56395
56407
56410
56417
56427
56437
56438
56441
56447
56449
56459
56468
56480
56491
56504
56510
56512
56523
56533
56555
56566
56570
56574
56587
56597
56605
56619
56634
56638
56644
56651
56703
56707
56708
56715
56726
56728
56736
56739
56747
56948
56949
56950
56951
56952
56953
56954
56955
56956
56957
56958
56959
56960
56961
56962
56963
56964
65499
65515
65601
65611
65662
65675
66171
66174
66177
66187
66655
66660
66667
66939
66955
67195
67199
67204
67211
67993
68011
68217
68235
68789
68811
68957
68971
69237
69245
69259
69601
69611
69664
69675
69792
69803
69985
69995
70007
70027
70263
70272
70273
70283
70648
70653
70667
70709
70731
71285
71288
71293
71307
71805
71819
72091
72107
72315
72317
72331
72660
72683
72733
72747
73332
73341
73355
73663
73675
73694
73707
73788
73803
73953
73963
74364
74366
74367
74369
74379
75162
75179
75386
75403
75740
75755
75863
75872
75883
76407
76412
76416
76427
76706
76715
77092
77099
77116
77131
77436
77442
77444
77451
78005
78027
78100
78123
78452
78453
78475
78756
78763
78808
78827
78879
78891
78907
78923
79480
79483
79487
79492
79499
80793
80811
81116
81131
81209
81227
81529
81532
81547
81852
81867
81952
81963
81974
81995
82209
82219
82264
82283
82550
82552
82556
82560
82561
82571
88985
88994
88996
89003
89020
89023
89035
89044
89048
89051
89052
89054
89057
89067
89080
89085
89099
89117
89119
89120
89131
89141
89142
89147
89148
89153
89163
89175
89183
89184
89188
89195
89213
89214
89227
89248
89259
89269
89291
89308
89313
89323
89364
89377
89380
89387
89401
89404
89419
89432
89437
89441
89451
89463
89467
89483
89497
89498
89499
89515
89716
89717
89718
89719
89720
89721
89722
89723
89724
89725
89726
89727
89728
89729
89730
89732
98594
98603
98723
98731
98946
98947
98955
99386
99403
99607
99627
99959
99962
99979
100387
100395
100570
100587
100986
100995
101003
101312
101323
101536
101547
102016
102027
102361
102379
102751
102763
102779
102795
103033
103035
103039
103051
103486
103499
103583
103595
104062
104063
104075
104548
104555
104701
104715
105085
105092
105099
105397
105419
105761
105771
106101
106113
106123
106529
106539
106775
106795
107127
107137
107147
107420
107435
107446
107467
107481
107499
108150
108153
108156
108171
108544
108555
108706
108715
108766
108779
109182
109184
109186
109195
109599
109611
109666
109675
109690
109707
109728
109739
110202
110207
110208
110210
110219
110484
110507
110590
110603
110937
110955
111220
111225
111230
111243
111674
111691
111742
111755
111939
111947
112000
112011
112250
112254
112256
112259
112267
112739
112747
112822
112843
112927
112939
113270
113279
113283
113291
113691
113707
113791
113803
114048
114059
114299
114303
114304
114315
114594
114603
115330
115339
121748
121756
121762
121771
121781
121782
121792
121803
121817
121835
121854
121856
121867
121883
121887
121889
121891
121899
121914
121918
121931
121954
121955
121956
121963
121978
121982
121983
121995
122015
122016
122018
122027
122038
122059
122074
122078
122091
122109
122123
122135
122143
122145
122146
122155
122179
122187
122201
122207
122219
122235
122240
122251
122275
122283
122484
122485
122486
122487
122489
122490
122491
122492
122493
122494
122495
122496
122497
122498
122499
122500
130973
130987
130997
131019
131701
131709
131723
132036
132043
132340
132363
132413
132427
132724
132733
132740
132747
133175
133195
133430
133451
133538
133547
133750
133751
133762
133771
135446
135467
135798
135819
138243
138251
138368
138370
138379
138549
138560
138571
138869
138880
138882
138883
138891
139157
139179
139355
139371
139419
139435
139542
139563
139893
139894
139899
139915
140228
140235
140251
140267
140548
140555
140611
140619
140669
140683
140923
140925
140931
140932
140939
141532
141547
141657
141675
141945
141948
141963
142305
142315
142335
142347
142490
142507
142549
142571
142626
142635
142653
142667
142708
142731
142964
142965
142970
142973
142975
142977
142978
142987
143320
143332
143339
143650
143659
143992
144002
144004
144011
144380
144395
144603
144619
145019
145020
145035
145332
145355
145655
145675
145718
145739
146036
146038
146039
146059
146422
146443
146551
146571
146692
146699
146745
146763
147062
147063
147065
147076
147083
147586
147595
147712
147723
148096
148098
148107
154517
154525
154539
154548
154549
154564
154571
154584
154587
154593
154596
154603
154614
154620
154623
154627
154635
154679
154699
154715
154731
154743
154752
154754
154763
154778
154779
154795
154837
154843
154844
154859
154868
154871
154880
154884
154891
154902
154914
154923
154933
154934
154937
154941
154944
154947
154955
154969
154987
154996
155005
155019
155042
155051
155252
155253
155254
155255
155256
155257
155258
155259
155260
155261
155263
155264
155265
155266
155267
155268
164116
164132
164139
164258
164267
164468
164482
164484
164491
164763
164779
164825
164843
165497
165499
165515
165860
165867
166260
166273
166283
166516
166529
166532
166539
166934
166955
167094
167115
167202
167211
167542
167554
167563
168162
168171
168321
168331
168577
168578
168587
168886
168907
169147
169163
169175
169195
169590
169591
169595
169611
169973
169985
169995
170242
170251
170613
170625
170626
170635
170977
170987
171156
171179
171359
171371
171636
171647
171649
171659
171932
171947
171996
172011
172212
172235
172279
172299
172379
172395
172411
172427
172442
172459
172660
172663
172666
172667
172668
172683
173177
173195
173249
173259
173315
173323
173409
173419
173436
173451
173689
173692
173697
173699
173707
174011
174027
174073
174091
174713
174715
174731
175452
175467
175740
175755
177085
177099
177108
177131
177364
177387
177780
177789
177803
179418
179435
179584
179595
179834
179840
179851
180318
180331
180612
180619
180862
180868
180875
187291
187292
187307
187318
187323
187325
187339
187348
187353
187356
187361
187364
187371
187381
187385
187393
187403
187414
187435
187486
187499
187513
187531
187540
187563
187572
187574
187579
187585
187595
187604
187607
187610
187618
187627
187639
187650
187651
187659
187668
187682
187684
187691
187739
187740
187743
187745
187755
187764
187771
187772
187776
187777
187780
187787
187802
187810
187819
188020
188021
188022
188023
188025
188026
188027
188028
188029
188030
188031
188032
188033
188034
188035
188036
196891
196907
197243
197259
197530
197547
197983
197985
197995
198266
198271
198273
198283
198852
198859
199300
199307
199609
199627
199646
199659
199931
199947
199993
200011
200313
200315
200318
200331
200956
200971
201340
201355
201892
201899
202110
202123
202366
202372
202379
202676
202699
202910
202911
202923
203009
203019
203159
203179
203380
203383
203390
203391
203393
203403
203804
203819
203931
203947
203958
203979
204191
204203
204406
204411
204412
204415
204427
205018
205035
205050
205067
205434
205451
205982
205995
206044
206059
206460
206462
206475
206916
206923
207492
207499
207829
207851
208055
208075
208186
208195
208203
208217
208235
208501
208503
208505
208506
208515
208523
208862
208875
209534
209547
209859
209867
210563
210571
210943
210955
211137
211147
211294
211307
211582
211583
211585
211595
211970
211979
212125
212139
212605
212610
212619
212949
212971
212986
213003
213110
213131
213183
213195
213250
213259
213621
213622
213626
213631
213634
213643
220058
220075
220084
220089
220099
220107
220117
220126
220139
220154
220159
220162
220171
220188
220203
220228
220235
220278
220299
220315
220317
220318
220319
220324
220331
220342
220343
220351
220353
220356
220363
220378
220380
220395
220410
220411
220412
220417
220418
220427
220443
220459
220473
220474
220483
220491
220505
220510
220511
220513
220523
220542
220555
220567
220575
220587
220788
220789
220790
220791
220793
220794
220795
220796
220797
220798
220799
220801
220802
220803
220804
230327
230347
231031
231051
231318
231339
231363
231371
231524
231531
231737
231755
232054
232057
232067
232068
232075
232483
232491
232824
232843
233080
233091
233099
233626
233628
233643
233654
233675
233790
233803
234102
234106
234108
234110
234123
234420
234443
234557
234571
234658
234659
234667
234709
234731
235124
235125
235133
235138
235139
235147
235424
235435
235519
235531
235644
235659
236156
236159
236160
236171
236708
236715
236798
236811
236824
236843
236888
236907
237176
237182
237188
237195
237465
237483
237690
237707
237979
237995
238201
238202
238203
238219
238554
238571
238755
238763
238868
238891
239220
239226
239235
239243
239572
239595
239617
239627
240244
240257
240267
240580
240587
240643
240651
240859
240875
241275
241283
241284
241291
241691
241707
241975
241995
242078
242091
242295
242299
242302
242315
242616
242635
242845
242859
242968
242987
243093
243115
243317
243320
243325
243339
243739
243748
243755
243924
243947
243961
243979
244340
244345
244347
244356
244363
245954
245963
246010
246027
246394
246402
246411
252822
252825
252832
252843
252852
252855
252856
252867
252868
252875
252884
252890
252907
252927
252929
252931
252939
252955
252963
252964
252971
252989
253003
253028
253035
253050
253052
253067
253082
253084
253085
253090
253091
253092
253099
253110
253122
253131
253140
253141
253147
253163
253177
253178
253182
253195
253204
253208
253227
253239
253241
253246
253259
253272
253291
253304
253323
253333
253339
253342
253355
253556
253557
253558
253559
253560
253561
253562
253563
253564
253565
253566
253567
253568
253569
253570
253571
253572
262072
262091
262203
262219
262297
262315
262776
262777
262779
262795
263414
263435
263509
263531
263797
263798
263819
264345
264363
264406
264427
264449
264459
264574
264587
264597
264619
264821
264822
264825
264830
264833
264843
265396
265419
265844
265867
266462
266475
266551
266571
266871
266878
266891
267412
267414
267435
267459
267467
267522
267531
267892
267894
267906
267907
267915
268319
268331
268408
268427
268478
268491
268920
268926
268927
268939
269340
269355
269403
269419
269947
269948
269963
270456
270475
270968
270987
271257
271275
271459
271467
271489
271499
271993
272001
272003
272011
272474
272477
272491
272694
272715
273014
273018
273021
273035
273401
273419
273498
273515
273748
273771
274036
274041
274042
274059
274366
274368
274379
274392
274411
274423
274431
274443
274740
274763
275060
275063
275064
275070
275071
275072
275083
275651
275659
276099
276107
276478
276491
276601
276619
277113
277118
277131
277625
277629
277643
277917
277931
278137
278141
278155
278617
278635
278651
278667
278749
278763
278901
278923
279157
279161
279163
279165
279179
285593
285611
285624
285630
285632
285643
285656
285675
285687
285689
285694
285695
285707
285724
285727
285739
285755
285771
285785
285786
285787
285789
285795
285803
285816
285817
285819
285821
285825
285835
285844
285846
285849
285867
285876
285886
285891
285899
285910
285917
285918
285931
285942
285953
285954
285963
286004
286006
286007
286027
286036
286037
286059
286069
286078
286091
286101
286109
286123
286324
286325
286326
286327
286328
286329
286330
286331
286332
286333
286334
286335
286336
286337
286338
286339
294972
294987
295063
295083
295197
295211
295543
295548
295549
295563
295895
295904
295915
296344
296363
296567
296568
296576
296587
296962
296971
297015
297035
297051
297067
297080
297099
297591
297592
297595
297602
297611
298079
298091
298623
298635
298900
298923
298945
298955
299203
299211
299265
299275
299636
299649
299651
299659
300341
300363
300661
300683
301436
301451
301692
301707
302137
302155
302396
302411
302713
302716
302731
303322
303339
303483
303492
303499
303518
303531
303738
303739
303742
303748
303755
304032
304043
304441
304459
304761
304768
304779
305057
305067
305077
305099
305306
305323
305378
305387
305781
305786
305793
305794
305803
306276
306283
306553
306571
306584
306603
306808
306809
306820
306827
307099
307115
307125
307147
307829
307835
307851
308285
308299
308322
308331
308600
308619
308856
308861
308866
308875
309380
309387
309535
309547
309561
309579
309602
309611
309881
309887
309890
309892
309899
310425
310433
310443
310456
310475
310517
310539
310691
310699
310901
310904
310905
310913
310915
310923
311382
311403
311926
311947
318356
318363
318368
318369
318379
318389
318401
318411
318423
318432
318443
318466
318475
318519
318521
318524
318525
318539
318550
318555
318559
318562
318564
318571
318584
318596
318603
318615
318617
318618
318625
318635
318648
318659
318667
318682
318690
318699
318709
318721
318731
318749
318751
318763
318773
318777
318780
318795
318818
318827
318840
318841
318843
318844
318852
318859
318872
318878
318883
318891
319092
319093
319094
319095
319096
319097
319098
319099
319100
319101
319102
319103
319104
319105
319106
319107
319108
327745
327755
327810
327819
327997
328001
328011
328317
328321
328322
328331
328637
328651
328735
328747
328825
328843
328949
328971
329057
329067
329333
329337
329341
329343
329345
329355
329627
329643
329878
329899
330358
330363
330379
330809
330827
330974
330987
331031
331051
331067
331083
331383
331385
331387
331390
331403
333210
333227
333434
333451
333814
333835
333891
333899
333916
333931
334012
334027
334102
334123
334178
334187
334454
334460
334466
334467
334475
334881
334891
334975
334987
335140
335147
335487
335489
335492
335499
335843
335851
335902
335915
335965
335979
336149
336171
336215
336235
336501
336503
336509
336510
336515
336523
337060
337067
337540
337547
337918
337931
338072
338091
338135
338155
338269
338283
338308
338315
338551
338552
338557
338558
338564
338571
340956
340971
341268
341291
341347
341355
341620
341628
341635
341643
342072
342091
342206
342219
342275
342283
342648
342654
342659
342667
343454
343467
343678
343691
344386
344395
344706
344715
351131
351147
351165
351179
351196
351203
351211
351222
351230
351243
351262
351263
351265
351275
351288
351289
351297
351299
351307
351324
351325
351339
351353
351359
351362
351371
351382
351384
351396
351403
351420
351422
351435
351447
351454
351467
351477
351491
351499
351508
351509
351510
351511
351524
351531
351547
351549
351553
351554
351563
351575
351581
351585
351586
351587
351595
351620
351627
351642
351646
351659
351860
351861
351862
351863
351864
351865
351866
351867
351868
351869
351870
351871
351873
351874
351875
351876
360469
360491
360790
360811
361077
361078
361099
361667
361675
361685
361707
361883
361899
362101
362107
362115
362123
362426
362443
362645
362667
362808
362827
363125
363128
363130
363147
363554
363563
363580
363595
363768
363787
363872
363883
363899
363915
364152
364155
364156
364160
364162
364171
364791
364811
365175
365195
365698
365707
366210
366219
366530
366539
366684
366699
366724
366731
366935
366955
367005
367019
367223
367228
367229
367234
367236
367243
367703
367723
368247
368267
368728
368747
368919
368939
369271
369272
369291
369658
369675
370016
370027
370298
370304
370315
370616
370635
370811
370827
371320
371323
371339
372772
372779
373080
373099
373142
373163
373366
373368
373380
373387
373850
373867
373910
373931
373944
373963
374138
374155
374390
374392
374394
374411
374684
374699
374842
374859
374884
374891
374937
374955
375043
375051
375417
375418
375420
375427
375428
375435
375704
375723
375869
375883
376034
376043
376066
376075
376440
376445
376450
376459
376861
376867
376875
377188
377195
377469
377475
377476
377483
383896
383900
383915
383928
383930
383938
383947
383994
384011
384021
384029
384034
384035
384036
384043
384058
384060
384061
384075
384087
384088
384090
384092
384100
384107
384123
384130
384132
384139
384149
384150
384153
384171
384184
384195
384203
384213
384226
384235
384247
384248
384258
384259
384267
384279
384299
384312
384331
384342
384343
384344
384352
384356
384363
384378
384379
384395
384406
384411
384413
384427
384629
384630
384631
384632
384633
384634
384635
384636
384637
384640
384642
384643
384644
393111
393131
393184
393195
393268
393291
393341
393355
393441
393451
393844
393847
393853
393856
393857
393867
394173
394187
394460
394475
394524
394532
394539
394876
394877
394884
394891
395288
395292
395307
395482
395499
395672
395691
395896
395898
395900
395915
396277
396284
396299
396503
396523
396540
396555
396611
396619
396675
396683
396917
396919
396924
396931
396939
397435
397441
397451
397727
397739
397947
397951
397953
397963
398723
398731
398979
398987
400468
400491
401012
401035
401685
401707
402037
402059
402358
402379
402612
402635
403060
403062
403083
404482
404491
404674
404683
405122
405131
405398
405419
405848
405867
405908
405931
406132
406134
406136
406155
406428
406443
406500
406507
406523
406539
407163
407164
407172
407179
407540
407563
407583
407584
407595
407607
407627
408180
408183
408191
408192
408203
409504
409515
409567
409579
409652
409675
409819
409835
409877
409899
410228
410229
410235
410239
410240
410251
416662
416663
416668
416672
416683
416694
416701
416715
416735
416736
416740
416747
416756
416757
416763
416764
416770
416779
416792
416796
416799
416800
416811
416820
416823
416843
416852
416875
416891
416893
416897
416907
416948
416962
416971
416983
416986
416987
416988
416993
417003
417020
417035
417045
417052
417060
417067
417091
417099
417112
417131
417155
417163
417172
417176
417183
417195
417396
417397
417398
417399
417400
417402
417403
417404
417405
417407
417408
417409
417410
417411
417412
426144
426155
426390
426411
426614
426624
426635
427035
427051
427193
427211
427386
427403
427641
427642
427643
427659
427929
427947
428054
428066
428075
428190
428203
428448
428459
428662
428665
428670
428672
428674
428683
429184
429195
429208
429227
429688
429696
429707
430326
430347
430710
430731
431075
431083
431139
431147
431191
431211
431222
431243
431293
431298
431307
431734
431735
431741
431746
431747
431755
432066
432075
432223
432235
432477
432491
432765
432767
432770
432779
433367
433387
433783
433803
434143
434155
434363
434379
434811
434815
434827
435221
435231
435243
435412
435435
435580
435595
435828
435829
435836
435839
435851
436121
436129
436139
436162
436171
436344
436363
436856
436857
436865
436866
436875
438174
438187
438299
438315
438907
438910
438923
439508
439531
439618
439627
439649
439659
439671
439691
439924
439927
439937
439938
439947
440548
440555
440641
440651
440702
440715
440958
440961
440964
440971
441345
441355
441373
441387
441439
441451
441623
441643
441975
441981
441983
441985
441995
442299
442315
443003
443019
449433
449438
449441
449451
449467
449474
449483
449503
449507
449515
449537
449547
449557
449558
449563
449565
449567
449570
449571
449579
449623
449631
449643
449654
449656
449664
449675
449688
449694
449696
449707
449721
449723
449725
449730
449739
449748
449751
449764
449771
449782
449803
449815
449835
449857
449858
449867
449885
449889
449899
449911
449914
449916
449918
449931
449942
449952
449963
450164
450165
450166
450167
450168
450169
450170
450171
450172
450173
450174
450175
450176
450177
450178
450179
450180
458911
458923
459124
459147
459380
459391
459403
459672
459691
459925
459947
460405
460408
460427
461044
461067
461428
461451
461728
461739
462044
462059
462074
462091
462228
462251
462452
462458
462460
462464
462475
462820
462827
462971
462987
463104
463115
463136
463147
463259
463275
463483
463488
463492
463499
463780
463787
463872
463883
463902
463915
463967
463979
464510
464511
464512
464516
464523
465271
465291
465311
465323
465527
465535
465547
465980
465995
466333
466347
466556
466557
466571
467007
467019
467583
467595
467927
467947
468190
468203
468282
468299
468322
468331
468599
468602
468606
468610
468619
468891
468907
469090
469099
469409
469419
469627
469633
469634
469643
470008
470027
470075
470091
470101
470123
470398
470399
470411
470645
470648
470651
470654
470655
470667
471287
471293
471307
471671
471677
471691
472024
472043
472125
472139
472149
472171
472277
472299
472385
472395
472693
472696
472701
472705
472715
473282
473291
473306
473323
473437
473451
473722
473725
473730
473739
474337
474347
474753
474763
475396
475403
475780
475787
482200
482203
482208
482212
482219
482263
482264
482276
482283
482296
482304
482315
482334
482347
482363
482364
482365
482367
482379
482389
482399
482402
482411
482427
482443
482453
482463
482475
482498
482507
482517
482522
482524
482526
482529
482539
482548
482551
482554
482557
482560
482564
482571
482592
482603
482618
482625
482635
482653
482658
482667
482676
482679
482686
482687
482699
482708
482715
482717
482719
482721
482731
482932
482933
482935
482936
482938
482939
482940
482941
482942
482943
482944
482945
482946
482948
491551
491563
491574
491595
491860
491883
491940
491947
492148
492150
492159
492164
492171
492451
492459
492708
492715
492963
492971
493187
493188
493195
494500
494507
494552
494571
494913
494923
494938
494955
495224
495226
495233
495236
495243
495735
495755
495809
495819
496247
496257
496267
496831
496843
497279
497291
497921
497931
497973
497995
498293
498305
498315
498645
498667
498680
498699
498748
498763
498876
498891
498935
498955
499317
499319
499320
499324
499339
499773
499787
499898
499915
500029
500043
500346
500349
500363
500765
500779
501124
501131
501373
501380
501387
501849
501867
501910
501931
502082
502091
502111
502123
502390
502393
502399
502402
502411
502717
502731
503135
503147
503192
503211
503416
503421
503423
503435
503809
503811
503819
503875
503883
504449
504451
504459
504886
504888
504907
505462
505464
505483
506804
506820
506827
507159
507161
507179
507508
507511
507513
507524
507531
507844
507851
507972
507979
508092
508107
508126
508139
508285
508299
508540
508541
508542
508548
508555
514979
514980
514987
514996
515005
515012
515019
515029
515032
515051
515064
515073
515075
515083
515101
515103
515115
515126
515128
515132
515133
515139
515140
515147
515161
515179
515191
515211
515222
515236
515243
515258
515260
515263
515265
515275
515294
515307
515319
515329
515339
515351
515353
515371
515381
515389
515393
515394
515403
515412
515418
515423
515435
515453
515460
515467
515480
515491
515492
515499
515700
515701
515702
515703
515704
515705
515706
515708
515709
515710
515711
515713
515714
515715
515716
524576
524587
524631
524651
524919
524928
524939
525441
525451
525462
525483
525731
525739
525942
525953
525955
525963
526266
526283
526592
526603
526644
526667
526964
526970
526976
526987
527450
527467
527994
528011
528309
528331
528565
528575
528587
528662
528683
528767
528779
529013
529014
529023
529035
529312
529323
529366
529387
529827
529835
530038
530048
530051
530059
530397
530411
530492
530507
530649
530667
531065
531068
531069
531083
531418
531435
531580
531595
531701
531723
531800
531819
532085
532088
532090
532092
532107
533667
533675
533754
533771
533851
533867
534138
534139
534147
534155
534656
534667
534716
534731
534755
534763
535164
535168
535171
535179
535643
535659
535832
535851
535898
535915
535970
535979
536184
536186
536187
536194
536203
536512
536523
536886
536907
537206
537216
537227
537950
537963
538238
538251
538646
538667
538676
538699
539039
539051
539252
539254
539263
539275
539556
539563
539580
539595
539636
539659
539843
539851
540021
540043
540053
540057
540075
540276
540277
540281
540284
540291
540292
540299
541044
541067
541300
541323
547744
547748
547755
547765
547770
547772
547776
547787
547798
547802
547805
547819
547828
547851
547862
547883
547892
547900
547915
547930
547931
547947
547964
547968
547969
547979
547990
548003
548011
548021
548028
548031
548035
548043
548057
548067
548075
548085
548090
548096
548107
548118
548120
548128
548139
548148
548150
548171
548183
548184
548186
548187
548190
548203
548212
548213
548223
548235
548245
548249
548255
548258
548259
548267
548468
548469
548470
548471
548472
548473
548474
548475
548476
548477
548478
548479
548480
548481
548482
548483
548484
753559
753565
753579
753589
753592
753611
753627
753632
753643
753664
753675
753685
753695
753698
753707
753716
753718
753723
753724
753729
753739
753754
753771
753785
753789
753790
753794
753803
753815
753817
753823
753824
753835
753848
753867
753889
753899
753940
753947
753949
753952
753954
753956
753963
753981
753985
753995
754004
754006
754007
754027
754036
754051
754059
754070
754082
754083
754084
754091
754292
754293
754294
754295
754296
754297
754298
754299
754300
754301
754302
754303
754304
754305
754306
754307
754308
754584
754586
754587
754595
754603
754615
754616
754621
754628
754635
754647
754649
754656
754667
754683
754699
754708
754715
754716
754719
754731
754746
754763
754783
754788
754795
754809
754817
754827
754837
754838
754852
754859
754873
754878
754880
754883
754891
754901
754908
754923
754932
754933
754934
754955
754967
754972
754980
754987
755005
755019
755029
755039
755041
755051
755066
755067
755083
755096
755099
755107
755115
755316
755317
755318
755319
755320
755321
755322
755323
755324
755325
755326
755327
755328
755329
755331
755332
755606
755609
755611
755627
755642
755651
755659
755684
755691
755709
755714
755723
755734
755736
755740
755746
755747
755755
755767
755769
755787
755803
755812
755819
755830
755832
755851
755861
755862
755865
755870
755883
755908
755915
755926
755930
755947
755956
755968
755969
755979
755997
756000
756011
756020
756022
756024
756025
756043
756084
756094
756097
756107
756117
756120
756121
756128
756130
756139
756340
756341
756342
756343
756344
756345
756346
756347
756348
756349
756350
756352
756353
756354
756355
756356
756640
756644
756651
756665
756672
756683
756696
756702
756715
756725
756732
756747
756758
756770
756771
756779
756793
756796
756811
756826
756831
756843
756853
756864
756875
756888
756896
756907
756916
756917
756918
756939
756951
756956
756958
756971
756984
756986
756987
756988
757003
757012
757015
757026
757035
757049
757051
757057
757059
757067
757082
757085
757088
757099
757112
757115
757123
757131
757140
757163
757364
757365
757366
757367
757368
757369
757370
757371
757372
757373
757374
757375
757376
757377
757378
757379
757380
757652
757653
757675
757685
757695
757697
757707
757721
757729
757732
757739
757792
757803
757879
757883
757889
757899
757908
757914
757916
757920
757931
757941
757942
757951
757953
757955
757963
757982
757986
757995
758006
758007
758012
758014
758016
758017
758019
758027
758038
758048
758059
758071
758078
758091
758101
758111
758113
758123
758135
758139
758143
758145
758155
758171
758175
758187
758388
758389
758390
758391
758393
758394
758395
758396
758398
758399
758400
758401
758402
758403
758404
758688
758692
758699
758708
758710
758731
758742
758755
758763
758776
758781
758784
758795
758814
758819
758827
758837
758845
758846
758859
758871
758879
758891
758902
758908
758914
758923
758932
758934
758941
758943
758946
758947
758948
758955
758971
758973
758975
758978
758979
758987
758997
758999
759019
759042
759051
759093
759094
759102
759115
759166
759171
759179
759194
759203
759211
759412
759413
759414
759415
759416
759418
759419
759420
759421
759422
759423
759424
759426
759427
759428
759712
759723
759732
759746
759755
759773
759787
759797
759798
759807
759809
759819
759839
759851
759868
759875
759883
759893
759900
759903
759908
759915
759928
759932
759933
759940
759947
759966
759967
759979
759996
759998
760011
760025
760043
760054
760061
760065
760066
760075
760086
760107
760117
760139
760151
760157
760162
760171
760183
760188
760203
760214
760215
760219
760221
760223
760235
760436
760437
760438
760439
760440
760441
760443
760444
760445
760446
760447
760448
760449
760450
760451
760452
760757
760779
760788
760789
760794
760801
760811
760824
760835
760843
760860
760861
760865
760875
760885
760889
760892
760894
760907
760916
760919
760923
760939
760956
760959
760960
760962
760971
760980
760987
760996
761003
761014
761020
761024
761035
761046
761047
761067
761077
761079
761086
761099
761112
761121
761124
761131
761141
761148
761152
761156
761163
761176
761182
761183
761195
761245
761247
761259
761460
761461
761462
761463
761464
761465
761466
761467
761468
761469
761470
761471
761472
761473
761474
761475
761476
761749
761753
761756
761771
761791
761794
761803
761820
761822
761823
761827
761828
761835
761853
761867
761886
761889
761899
761916
761917
761919
761931
761944
761947
761949
761963
761976
761978
761995
762011
762027
762036
762042
762043
762059
762074
762081
762091
762103
762106
762114
762123
762133
762134
762135
762145
762155
762173
762187
762199
762203
762219
762235
762244
762251
762266
762267
762270
762275
762283
762484
762485
762486
762487
762488
762489
762490
762491
762492
762493
762494
762495
762497
762498
762499
762500
762777
762780
762784
762795
762806
762820
762827
762839
762841
762842
762843
762859
762874
762891
762900
762901
762909
762911
762923
762945
762955
762979
762987
763001
763009
763019
763038
763043
763044
763051
763060
763073
763083
763092
763093
763100
763102
763115
763130
763139
763140
763147
763156
763157
763179
763193
763194
763203
763211
763227
763232
763233
763234
763243
763260
763261
763263
763268
763275
763290
763307
763508
763509
763510
763511
763513
763514
763515
763516
763517
763518
763519
763520
763521
763522
763523
763524
763801
763803
763809
763819
763829
763832
763835
763839
763842
763851
763860
763868
763883
763897
763902
763904
763905
763915
763972
763979
763991
763993
763994
763997
764000
764002
764011
764024
764027
764032
764043
764054
764056
764058
764064
764066
764075
764092
764107
764119
764124
764126
764130
764131
764139
764214
764224
764226
764235
764249
764253
764255
764267
764292
764299
764321
764331
764532
764533
764534
764535
764536
764537
764538
764539
764540
764541
764542
764543
764544
764545
764546
764547
764548
764824
764834
764843
764861
764862
764868
764875
764885
764892
764897
764907
764920
764921
764927
764930
764931
764939
764959
764971
764987
765003
765013
765018
765019
765026
765028
765035
765050
765067
765082
765088
765099
765111
765122
765131
765141
765147
765163
765208
765218
765220
765227
765242
765244
765245
765251
765259
765268
765273
765274
765276
765279
765291
765300
765305
765310
765311
765323
765336
765346
765355
765556
765557
765559
765560
765561
765562
765563
765564
765565
765566
765567
765568
765569
765570
765571
765572
765844
765846
765849
765851
765854
765867
765877
765886
765888
765899
765912
765918
765924
765931
765943
765950
765951
765953
765955
765963
765979
765988
765995
766019
766027
766074
766091
766112
766123
766133
766141
766155
766199
766205
766219
766228
766242
766244
766251
766260
766262
766263
766283
766295
766296
766297
766315
766356
766358
766361
766366
766368
766379
766580
766581
766582
766583
766584
766585
766586
766587
766589
766590
766591
766592
766593
766594
766595
766596
766876
766884
766891
766904
766909
766915
766923
766932
766936
766940
766948
766955
766971
766972
766987
767007
767019
767030
767032
767034
767035
767037
767051
767061
767066
767074
767083
767102
767115
767126
767133
767147
767160
767166
767171
767179
767188
767189
767195
767211
767252
767256
767275
767294
767297
767298
767299
767307
767326
767329
767331
767339
767351
767352
767354
767360
767371
767381
767403
767604
767605
767606
767607
767608
767610
767611
767612
767613
767614
767615
767616
767617
767618
767619
767620
767900
767907
767915
767924
767932
767947
767967
767979
767988
767998
767999
768004
768011
768022
768027
768031
768032
768036
768043
768052
768055
768056
768058
768075
768099
768100
768107
768121
768132
768139
768153
768171
768182
768190
768193
768194
768203
768212
768218
768228
768235
768247
768249
768250
768259
768267
768287
768299
768310
768313
768314
768318
768321
768331
768349
768350
768354
768363
768382
768395
768415
768427
768628
768630
768631
768632
768633
768634
768635
768636
768637
768638
768639
768640
768641
768642
768643
768644
768920
768921
768930
768932
768939
768948
768956
768964
768971
769012
769014
769025
769026
769035
769051
769053
769067
769085
769099
769119
769121
769131
769142
769143
769145
769149
769151
769163
769177
769181
769185
769195
769208
769219
769227
769242
769244
769249
769250
769259
769269
769282
769284
769291
769303
769305
769323
769337
769355
769397
769408
769419
769429
769433
769437
769438
769443
769451
769652
769653
769654
769655
769656
769657
769658
769659
769660
769661
769662
769663
769664
769665
769666
769667
769668
769952
769954
769963
769979
769980
769988
769995
770005
770015
770017
770027
770042
770059
770069
770077
770080
770083
770091
770100
770102
770116
770123
770134
770137
770142
770155
770166
770171
770175
770178
770187
770236
770239
770242
770251
770267
770269
770270
770283
770298
770304
770306
770308
770315
770325
770337
770347
770370
770379
770392
770393
770404
770411
770420
770421
770423
770429
770435
770436
770443
770467
770475
770676
770677
770678
770679
770680
770681
770682
770683
770684
770685
770686
770687
770688
770689
770690
770691
770692
777108
777109
777110
777111
777112
777113
777114
777115
777116
777117
777118
777120
777121
777122
777123
777124
777140
777141
777142
777143
777144
777145
777146
777147
777148
777149
777150
777151
777152
777153
777154
777155
777156
777172
777173
777174
777175
777176
777177
777178
777179
777180
777181
777182
777183
777184
777185
777187
777188
777204
777205
777206
777207
777208
777209
777210
777211
777212
777213
777214
777215
777216
777217
777218
777219
777220
777236
777237
777238
777240
777243
777244
777245
777246
777247
777248
777249
777250
777251
777252
777268
777269
777270
777271
777272
777273
777274
777275
777276
777277
777278
777279
777281
777283
777284
777300
777301
777302
777303
777304
777305
777306
777307
777308
777309
777310
777311
777312
777313
777314
777315
777316
777333
777334
777335
777336
777337
777338
777339
777340
777341
777342
777343
777344
777345
777346
777348
777364
777365
777366
777367
777368
777369
777370
777371
777372
777373
777374
777375
777376
777377
777378
777379
777380
777396
777397
777398
777399
777400
777401
777402
777403
777404
777405
777406
777407
777408
777409
777410
777411
777412
777428
777429
777430
777431
777433
777434
777435
777436
777437
777438
777441
777442
777443
777444
777460
777461
777462
777463
777464
777465
777466
777467
777468
777469
777470
777472
777473
777474
777475
777476
777492
777493
777494
777495
777496
777497
777499
777500
777501
777503
777504
777505
777506
777508
777524
777525
777526
777527
777528
777529
777530
777531
777532
777533
777534
777536
777537
777538
777539
777540
777556
777557
777558
777559
777560
777561
777562
777563
777564
777565
777566
777567
777568
777569
777570
777571
777572
777588
777589
777591
777592
777593
777594
777595
777596
777597
777598
777599
777600
777601
777603
777604
777620
777621
777622
777623
777624
777625
777626
777627
777629
777630
777631
777632
777633
777634
777635
777636
