0
1
32
33
3072
3073
3104
3105
5120
5121
5152
36859
36865
36891
36897
37883
37889
37915
68608
68609
68640
68641
69631
69633
69663
69665
70655
70656
70657
70687
70688
132096
132097
132128
132129
135163
135165
135169
135195
135197
135201
136187
136189
136192
136193
136219
136221
136224
162688
162689
162784
162785
162848
162849
164832
164833
164896
164897
166816
166817
166944
166945
167772
167775
167777
167839
167841
167901
167905
167964
167965
167967
167969
168796
168799
168801
168832
168833
168863
168864
168865
168925
168928
168929
168988
168989
168991
168992
195456
195457
195552
195553
195616
196608
196609
196640
197600
197601
197632
197633
197664
199584
199585
199680
199681
199712
200540
200543
200545
200607
200609
200669
200673
200699
200701
200703
200705
200731
200732
200733
200735
201564
201567
201600
201631
201632
201693
201696
201723
201725
201727
201728
