0
6
32
38
2052
2054
2084
2086
3075
3078
3107
3110
4100
4102
4132
4134
6144
6147
6148
6150
6176
6179
6180
6182
35841
35846
35873
35878
38913
38918
38945
38950
65537
65542
65569
65574
66562
66563
66566
66594
66595
66598
68611
68614
68643
68646
71681
71682
71683
71686
71713
71714
71715
71718
98304
98307
98310
98336
98339
98342
101376
101382
101408
101414
104448
104451
104454
104480
104483
104486
132096
132099
132102
132128
132131
132134
133122
133126
133154
133158
134148
134150
134180
134182
137216
137218
137219
137220
137222
137248
137250
137251
137252
137254
164864
164865
164868
164870
164896
164897
164900
164902
165892
165894
165924
165926
166912
166918
166944
166950
167939
167942
167971
167974
169984
169985
169987
169988
169990
170016
170017
170019
170020
170022
196610
196611
196614
196642
196643
196646
198656
198659
198662
198688
198691
198694
200708
200710
200740
200742
202752
202754
202755
202756
202758
202784
202786
202787
202788
202790
232449
232454
232481
232486
233472
233478
233504
233510
235520
235521
235526
235552
235553
235558
262146
262150
262178
262182
265218
265222
265250
265254
268290
268294
268322
268326
297986
297990
298018
298022
301058
301062
301090
301094
327681
327686
327713
327718
329728
329729
329730
329732
329734
329760
329761
329762
329764
329766
331777
331782
331809
331814
333824
333825
333826
333828
333830
333856
333857
333858
333860
333862
360451
360454
360483
360486
361473
361478
361505
361510
363523
363524
363526
363555
363556
363558
366593
366595
366596
366598
366625
366627
366628
366630
393217
393222
393249
393254
397314
397316
397318
397346
397348
397350
399361
399362
399364
399366
399393
399394
399396
399398
428033
428038
428065
428070
429058
429062
429090
429094
430081
430086
430113
430118
432129
432130
432134
432161
432162
432166
458754
458758
458786
458790
459777
459782
459809
459814
462852
462854
462884
462886
464897
464898
464900
464902
464929
464930
464932
464934
491522
491526
491554
491558
492544
492550
492576
492582
493571
493574
493603
493606
497664
497666
497667
497670
497696
497698
497699
497702
525316
525318
525348
525350
528387
528390
528419
528422
530435
530436
530438
530467
530468
530470
539493
539494
539685
539686
542565
542566
542661
542662
542757
542758
543621
543622
543781
543782
544645
544646
544709
544710
544805
544806
545701
545702
545829
545830
546789
546790
546853
546854
549797
549798
549925
549926
554885
554886
555045
555046
561999
562002
562022
562033
562041
562043
562054
562069
562071
562077
562078
562086
562098
562101
562106
562118
562191
562193
562194
562197
562199
562201
562202
562203
562205
562206
562214
563023
563026
563045
563046
563057
563065
563067
563077
563078
563093
563095
563101
563102
563109
563110
563122
563125
563130
563141
563142
563173
563174
563215
563217
563218
563221
563223
563225
563226
563227
563229
563230
563237
563238
573381
573382
573477
573478
574309
574310
574501
574502
577413
577414
577573
577574
579525
579526
579621
579622
582501
582502
582565
582566
582629
582630
582693
582694
583557
583558
583717
583718
584549
584550
584741
584742
585637
585638
585701
585702
585765
585766
586629
586630
586789
586790
594771
594772
594782
594790
594804
594810
594813
594822
594833
594854
594865
594867
594886
594900
594911
594918
594961
594963
594964
594970
594973
594974
594975
594982
595795
595796
595806
595813
595814
595828
595834
595837
595845
595846
595857
595877
595878
595889
595891
595909
595910
595924
595935
595941
595942
595985
595987
595988
595994
595997
595998
595999
596005
596006
607109
607110
607269
607270
609189
609190
609317
609318
611173
611174
611365
611366
613221
613222
613317
613318
613413
613414
614341
614342
614437
614438
615333
615334
615461
615462
617445
617446
617509
617510
618437
618438
618533
618534
619365
619366
619557
619558
620389
620390
620581
620582
627541
627545
627558
627577
627580
627590
627603
627609
627622
627637
627646
627654
627663
627668
627673
627686
627727
627731
627732
627733
627737
627740
627742
627750
628565
628569
628581
628582
628601
628604
628613
628614
628627
628633
628645
628646
628661
628670
628677
628678
628687
628692
628697
628709
628710
628751
628755
628756
628757
628761
628764
628766
628773
628774
637893
637894
637989
637990
639877
639878
639941
639942
640037
640038
640869
640870
641061
641062
641925
641926
642085
642086
643045
643046
643109
643110
643941
643942
644005
644006
644133
644134
649061
649062
649157
649158
649253
649254
653221
653222
653349
653350
654309
654310
654373
654374
660306
660308
660326
660336
660342
660358
660375
660376
660380
660390
660399
660401
660410
660422
660435
660442
660454
660495
660496
660497
660498
660499
660500
660502
660503
660504
660506
660508
660518
661330
661332
661349
661350
661360
661366
661381
661382
661399
661400
661404
661413
661414
661423
661425
661434
661445
661446
661459
661466
661477
661478
661519
661520
661521
661522
661523
661524
661526
661527
661528
661530
661532
661541
661542
670629
670630
670693
670694
670757
670758
674757
674758
674853
674854
675717
675718
675749
675750
675877
675878
676837
676838
676901
676902
680869
680870
680997
680998
681925
681926
682021
682022
682981
682982
683045
683046
685029
685030
685093
685094
686981
686982
687141
687142
693078
693094
693113
693116
693126
693147
693158
693172
693183
693190
693199
693205
693211
693213
693222
693263
693268
693269
693270
693273
693275
693276
693277
693279
693286
694102
694118
694137
694140
694149
694150
694171
694181
694182
694196
694207
694213
694214
694223
694229
694235
694237
694245
694246
694287
694292
694293
694294
694297
694299
694300
694301
694303
694309
694310
720192
720198
720288
720291
720294
720321
720326
720353
720355
720358
720386
720390
720420
720422
720514
720518
720673
720678
720928
720929
720930
720931
720932
720934
721251
721254
721280
721286
721377
721382
721443
721446
721536
721538
721540
721542
721569
721574
721600
721606
721634
721636
721638
721665
721670
721952
721953
721954
721955
721956
721958
722305
722310
722370
722374
722432
722438
722496
722499
722502
722531
722534
722562
722566
722628
722630
722659
722662
722688
722694
722720
722726
722976
722977
722978
722979
722980
722982
723267
723270
723329
723331
723334
723360
723366
723393
723398
723428
723430
723456
723458
723462
723616
723619
723622
723746
723750
723780
723782
724000
724001
724002
724003
724004
724006
724290
724292
724294
724419
724422
724449
724450
724454
724484
724486
724610
724614
724643
724646
724676
724678
724740
724742
724801
724806
725025
725026
725027
725028
725030
726336
726338
726339
726340
726342
726371
726374
726400
726401
726403
726406
726432
726435
726438
726465
726466
726467
726470
726497
726498
726499
726500
726502
726528
726530
726532
726534
726563
726564
726566
726592
726595
726598
726627
726630
726656
726658
726660
726662
726688
726689
726691
726694
726720
726724
726726
726754
726755
726756
726758
726784
726785
726788
726790
726816
726817
726818
726822
726849
726852
726854
727072
727073
727074
727075
727076
727078
736101
736102
736165
736166
736197
736198
736229
736230
736293
736294
737221
737222
737317
737318
738149
738150
738181
738182
738245
738246
738341
738342
739173
739174
739269
739270
739365
739366
740229
740230
740261
740262
740293
740294
740389
740390
741253
741254
741285
741286
741317
741318
741349
741350
741413
741414
742245
742246
742309
742310
742373
742374
742437
742438
743365
743366
743397
743398
743461
743462
744293
744294
744389
744390
744485
744486
745413
745414
745509
745510
746341
746342
746405
746406
746469
746470
746533
746534
747365
747366
747397
747398
747461
747462
747557
747558
748389
748390
748517
748518
748581
748582
749477
749478
749509
749510
749541
749542
749605
749606
750437
750438
750469
750470
750565
750566
750629
750630
751461
751462
751493
751494
751525
751526
751653
751654
752517
752518
752613
752614
752677
752678
752960
752966
753056
753059
753062
753089
753094
753121
753123
753126
753154
753158
753188
753190
753282
753286
753441
753446
753664
753665
753666
753667
753670
753696
753697
753698
753699
753700
753702
754019
754022
754048
754054
754145
754150
754211
754214
754304
754306
754308
754310
754337
754342
754368
754374
754402
754404
754406
754433
754438
754688
754689
754690
754691
754692
754694
754720
754721
754722
754723
754724
754726
755073
755078
755138
755142
755200
755206
755264
755267
755270
755299
755302
755330
755334
755396
755398
755427
755430
755456
755462
755488
755494
755712
755713
755714
755715
755716
755718
755744
755745
755746
755747
755748
755750
756035
756038
756097
756099
756102
756128
756134
756161
756166
756196
756198
756224
756226
756230
756384
756387
756390
756514
756518
756548
756550
756736
756737
756738
756739
756740
756742
756768
756769
756770
756771
756772
756774
757058
757060
757062
757187
757190
757217
757218
757222
757252
757254
757378
757382
757411
757414
757444
757446
757508
757510
757569
757574
757760
757761
757762
757763
757764
757766
757792
757793
757794
757795
757796
757798
758607
758610
758611
758612
758613
758614
758617
758622
758630
758640
758641
758644
758646
758649
758650
758651
758652
758653
758662
758673
758675
758677
758679
758680
758681
758683
758684
758685
758686
758694
758703
758705
758706
758707
758708
758709
758714
758718
758719
758726
758735
758739
758740
758741
758745
758746
758747
758749
758751
758758
758799
758800
758801
758802
758803
758804
758805
758806
758807
758808
758809
758810
758811
758812
758813
758814
758815
758822
759104
759106
759107
759108
759110
759139
759142
759168
759169
759171
759174
759200
759203
759206
759233
759234
759235
759238
759265
759266
759267
759268
759270
759296
759298
759300
759302
759331
759332
759334
759360
759363
759366
759395
759398
759424
759426
759428
759430
759456
759457
759459
759462
759488
759492
759494
759522
759523
759524
759526
759552
759553
759556
759558
759584
759585
759586
759590
759617
759620
759622
759631
759634
759635
759636
759637
759638
759641
759646
759653
759654
759664
759665
759668
759670
759673
759674
759675
759676
759677
759685
759686
759697
759699
759701
759703
759704
759705
759707
759708
759709
759710
759717
759718
759727
759729
759730
759731
759732
759733
759738
759742
759743
759749
759750
759759
759763
759764
759765
759769
759770
759771
759773
759775
759781
759782
759808
759809
759810
759811
759812
759814
759823
759824
759825
759826
759827
759828
759829
759830
759831
759832
759833
759834
759835
759836
759837
759838
759839
759840
759841
759842
759843
759844
759845
