0 0 1 17
0 0 1 5
0 0 9 17
0 0 17 9
0 1 2 1
0 1 10 9
0 1 6 1
0 1 6 13
0 1 11 17
0 1 7 5
0 1 15 9
0 1 8 5
0 1 8 13
0 1 21 5
0 9 10 1
0 9 18 17
0 9 14 13
0 9 19 13
0 9 7 9
0 9 15 9
0 9 4 5
0 9 12 1
0 9 12 13
0 9 20 1
0 9 21 1
0 17 2 9
0 17 2 17
0 17 10 17
0 17 18 17
0 17 7 13
0 17 15 9
0 17 20 17
0 17 8 9
0 17 8 5
0 17 16 13
0 17 22 5
0 5 18 1
0 5 3 13
0 5 11 13
0 5 19 9
0 5 19 17
0 5 15 1
0 5 15 9
0 5 15 17
0 5 4 1
0 5 20 5
0 5 8 5
0 5 16 5
0 13 2 13
0 13 10 1
0 13 10 9
0 13 6 1
0 13 7 5
0 13 4 5
0 13 4 13
0 13 8 17
0 13 16 1
0 13 16 13
0 13 21 9
0 13 22 17
2 2 6 18
2 2 14 7
2 10 10 3
2 18 2 8
2 18 18 22
2 18 14 14
2 18 11 10
2 18 20 6
2 18 22 8
2 3 3 7
2 3 7 12
2 11 14 18
2 11 15 4
2 11 20 15
2 11 8 3
2 19 14 15
2 19 19 15
2 7 3 16
2 7 20 3
2 7 16 21
2 15 19 18
2 4 18 18
2 4 11 4
2 12 18 19
2 12 6 14
2 12 8 12
2 12 16 20
2 20 2 21
2 20 6 22
2 20 4 16
2 8 11 12
2 8 19 15
2 8 19 4
2 8 4 21
2 8 12 14
2 21 21 3
2 22 4 19
2 22 20 8
2 22 21 6
2 22 22 21
10 10 12 15
10 10 12 16
10 10 16 19
10 10 22 6
10 18 4 15
10 6 3 8
10 6 19 8
10 6 4 15
10 6 16 11
10 14 15 12
10 14 12 15
10 3 20 19
10 3 20 16
10 11 14 4
10 11 7 12
10 11 12 11
10 11 22 16
10 19 3 21
10 7 16 12
10 15 8 22
10 4 14 22
10 20 6 16
10 20 14 19
10 20 20 15
10 8 12 22
10 8 21 15
10 16 14 6
10 16 19 21
10 16 4 3
10 16 20 8
10 21 6 20
10 21 12 14
10 22 14 16
10 22 11 4
10 22 4 3
10 22 16 20
18 18 20 7
18 6 6 3
18 6 6 11
18 6 6 12
18 6 19 21
18 6 15 6
18 6 16 12
18 6 21 21
18 14 3 4
18 3 18 12
18 3 18 22
18 3 3 14
18 3 15 12
18 19 6 11
18 19 4 22
18 7 11 11
18 7 11 19
18 7 22 16
18 4 7 7
18 4 7 12
18 4 22 7
18 20 7 16
18 20 8 6
18 8 21 21
18 16 6 20
18 16 14 20
18 22 15 11
18 22 4 16
6 14 3 4
6 14 4 8
6 11 3 3
6 19 11 15
6 19 19 21
6 7 4 8
6 7 20 16
6 7 21 11
6 15 15 15
6 15 12 20
6 4 7 21
6 12 7 19
6 20 14 4
6 8 12 16
6 8 8 15
6 16 7 16
6 21 11 16
6 21 7 11
14 14 19 8
14 3 22 7
14 11 19 12
14 11 8 8
14 19 21 7
14 7 14 21
14 7 3 19
14 7 16 19
14 15 3 3
14 15 15 20
14 4 11 7
14 12 21 11
14 12 21 22
14 12 22 15
14 20 11 22
14 20 19 8
14 20 20 20
14 8 19 3
14 16 21 8
14 16 22 7
14 21 12 19
14 21 12 8
14 21 16 3
14 21 22 21
3 3 22 7
3 11 19 22
3 11 8 15
3 7 11 19
3 7 16 15
3 15 3 16
3 4 8 8
3 12 3 20
3 12 4 22
3 12 22 21
3 20 19 15
3 16 4 12
3 21 11 4
3 22 11 16
3 22 21 21
3 22 21 22
11 11 12 22
11 11 20 7
11 11 16 15
11 7 19 15
11 7 12 12
11 4 19 8
11 20 7 22
11 20 16 8
11 8 12 20
11 8 12 21
19 19 19 20
19 7 16 4
19 4 7 4
19 4 7 20
19 4 12 15
19 12 4 16
19 20 15 22
19 20 21 15
19 8 7 21
19 8 4 21
7 15 15 12
7 15 20 8
7 4 22 20
7 21 16 22
15 15 21 22
15 4 12 4
15 12 4 21
15 20 16 21
4 4 22 8
4 12 8 12
12 8 16 20
20 16 21 16
20 22 16 22
8 22 21 22