2
3
12
13
14
18
21
33
37
39
40
42
45
46
48
51
52
54
59
62
66
80
81
85
89
99
134
151
157
161
162
164
170
175
177
180
181
189
192
207
209
216
234
244
245
0 0 1 5
0 0 9 17
0 1 8 5
0 1 8 13
0 1 21 5
0 9 19 13
0 9 4 5
0 17 8 9
0 5 18 1
0 5 11 13
0 5 19 9
0 5 15 1
0 5 4 1
0 5 20 5
0 5 16 5
0 13 10 9
0 13 6 1
0 13 4 5
0 13 21 9
2 2 14 7
2 18 14 14
2 7 16 21
2 15 19 18
2 12 6 14
2 20 6 22
2 22 21 6
10 22 11 4
18 19 4 22
18 4 22 7
18 16 6 20
18 16 14 20
18 22 4 16
6 7 4 8
6 4 7 21
6 20 14 4
6 16 7 16
6 21 11 16
14 7 3 19
14 15 15 20
3 3 22 7
3 11 8 15
3 12 22 21
19 7 16 4
7 15 20 8
7 4 22 20
