2
3
8
21
23
33
34
35
37
38
40
41
42
47
51
52
54
55
60
62
69
77
81
92
95
99
106
107
122
134
147
148
168
174
177
194
199
213
222
224
236
237
248
249
252
0 0 1 5
0 0 9 17
0 1 6 13
0 9 4 5
0 9 12 13
0 17 8 9
0 17 8 5
0 17 16 13
0 5 18 1
0 5 3 13
0 5 19 9
0 5 19 17
0 5 15 1
0 5 8 5
0 13 10 9
0 13 6 1
0 13 4 5
0 13 4 13
0 13 22 17
2 2 14 7
2 18 22 8
2 19 19 15
2 15 19 18
2 8 19 15
2 8 12 14
2 22 21 6
10 6 3 8
10 6 19 8
10 20 6 16
10 22 11 4
18 3 18 22
18 3 3 14
6 19 11 15
6 15 12 20
6 20 14 4
14 12 21 11
14 20 20 20
3 4 8 8
3 22 21 22
11 11 20 7
19 4 7 20
19 4 12 15
15 4 12 4
15 12 4 21
4 12 8 12
