0 1 17 0
0 1 2 1
0 1 6 1
0 9 10 1
0 1 10 9
0 9 12 1
0 1 15 9
0 9 20 1
0 9 7 9
0 9 15 9
0 17 2 9
0 1 11 17
0 9 21 1
0 17 15 9
0 9 18 17
0 0 17 9
17 2 17 0
2 6 18 2
6 3 18 6
10 16 4 3
10 10 12 16
12 15 10 10
15 6 15 15
20 10 21 6
7 16 12 10
15 3 7 16
2 10 10 3
11 14 4 10
21 14 7 14
15 2 19 14
18 18 22 2
17 0 17 18
17 10 17 0
18 4 15 10
18 18 2 4
4 7 7 18
12 10 11 7
10 22 6 10
15 14 12 22
21 12 19 14
12 11 7 12
7 19 15 11
10 10 16 19
4 14 22 10
7 16 19 14
19 21 10 16
22 15 15 21
17 0 5 15
17 7 13 0
15 15 12 7
2 11 20 15
7 14 4 11
11 19 12 14
6 11 18 19
12 11 10 11
19 18 7 11
7 11 11 18
15 4 2 11
16 2 20 4
22 20 8 2
19 15 3 20
10 20 20 15
15 22 19 20
5 0 17 22
13 2 13 0
12 18 19 2
20 6 2 18
4 15 10 6
12 18 3 15
18 20 7 18
10 22 16 20
7 14 3 22
11 8 8 14
2 18 2 8
20 8 6 18
8 15 6 8
3 3 14 15
20 19 10 3
19 20 19 19
17 0 17 20
13 10 1 0
19 3 21 10
2 11 8 3
10 2 18 11
3 3 7 2
7 12 2 3
16 20 2 12
3 2 7 20
8 4 21 2
2 4 11 4
6 14 3 4
6 10 16 14
14 15 12 10
10 14 12 15
19 8 14 14
17 0 13 8
1 7 5 0
21 19 8 7
8 4 21 19
18 14 3 4
7 3 19 14
2 21 21 3
2 20 2 21
7 16 18 20
21 16 20 16
11 10 6 16
3 20 16 10
16 21 15 20
12 8 14 21
12 22 10 8
14 16 10 22
13 0 13 16
5 20 5 0
8 7 15 20
21 16 22 7
3 14 21 16
19 10 20 14
21 12 14 10
2 12 8 12
18 3 18 12
20 3 12 3
6 11 3 3
16 3 22 11
15 3 16 3
14 8 19 3
10 16 20 8
10 11 22 16
13 0 5 11
5 15 9 0
15 20 14 15
22 16 22 20
21 2 7 16
20 6 22 2
14 2 12 6
8 11 12 2
18 6 6 11
12 7 19 6
3 16 2 7
22 7 14 16
16 6 16 7
19 19 21 6
20 21 15 19
22 8 22 21
5 0 1 8
9 14 13 0
14 2 18 14
22 4 19 2
7 4 19 4
22 8 4 4
12 20 11 8
12 8 16 20
6 14 4 8
19 21 7 14
2 22 22 21
14 20 11 22
16 6 7 20
21 21 18 6
15 10 8 21
22 4 3 10
1 0 5 4
13 21 9 0
18 8 21 21
19 4 2 8
19 7 16 4
4 8 6 7
11 4 19 8
16 18 22 4
4 22 7 18
7 3 3 22
22 21 21 3
11 4 3 21
7 12 18 4
18 6 16 12
8 12 16 6
3 16 4 12
5 0 5 16
9 19 13 0
21 18 6 19
2 11 14 18
16 15 11 11
6 18 6 15
19 4 22 18
22 20 7 4
7 22 11 20
3 12 4 22
21 22 14 12
3 11 19 22
18 22 15 11
16 18 7 22
16 6 20 18
4 7 21 6
5 0 13 7
13 16 1 0
6 21 11 16
14 21 22 21
11 6 7 21
6 12 18 6
22 21 3 12
7 11 6 21
11 12 22 11
4 16 19 12
14 20 18 16
19 8 14 20
15 3 11 8
7 11 19 3
20 16 8 11
21 8 14 16
13 0 1 8
1 21 5 0
11 8 12 21
22 10 15 8
0 0 0 0
0 0 0 0
0 0 0 0
0 0 0 0
0 0 0 0
0 0 0 0
0 0 0 0
0 0 0 0
0 0 0 0
0 0 0 0
0 0 0 0
0 0 0 0
0 0 0 0
0 0 0 0
0 0 0 0
0 0 0 0
0 0 0 0
0 0 0 0
0 0 0 0
0 0 0 0
0 0 0 0
0 0 0 0
0 0 0 0
0 0 0 0
0 0 0 0
0 0 0 0
0 0 0 0
0 0 0 0
0 0 0 0
0 0 0 0
0 0 0 0
0 0 0 0
0 0 0 0
0 0 0 0
0 0 0 0
0 0 0 0
0 0 0 0
0 0 0 0
0 0 0 0
0 0 0 0
0 0 0 0
0 0 0 0
0 0 0 0
0 0 0 0
0 0 0 0
